[#Total#]
LR=42174.3970906944
TC=1
FU=4244340

[fenlei]
TC=1
LC=42174.3981733333
FU=4244340
